(CIF file written on Mon Dec 19 10:48:53 2022 by ASITIC);
DS 1 1 1;
9 kai_5;
LMET4;
P61256   42762   55812   55368   54863   54419   59914   42762   ;
P55812   55368   43206   60368   43206   59026   54863   54419   ;
P43206   60368   30913   55055   31862   54105   43206   59026   ;
P30913   55055   26043   42762   27385   42762   31862   54105   ;
P26043   42762   31227   30783   32176   31732   27385   42762   ;
P31227   30783   43206   26043   43206   27385   32176   31732   ;
P43206   26043   54871   31097   53922   32046   43206   27385   ;
P54871   31097   59481   42762   58138   42762   53922   32046   ;
P59481   42762   54557   54113   53608   53164   58138   42762   ;
P54557   54113   43206   58593   43206   57251   53608   53164   ;
P43206   58593   32168   53799   33117   52850   43206   57251   ;
P32168   53799   27818   42762   29161   42762   33117   52850   ;
P27818   42762   32482   32038   33431   32987   29161   42762   ;
P32482   32038   43206   27818   43206   29161   33431   32987   ;
P43206   27818   53615   32352   52666   33301   43206   29161   ;
P53615   32352   57705   42762   56363   42762   52666   33301   ;
P57705   42762   53302   52858   52353   51909   56363   42762   ;
P53302   52858   43206   56818   43206   55476   52353   51909   ;
P43206   56818   33424   52544   34373   51595   43206   55476   ;
P33424   52544   29594   42762   30936   42762   34373   51595   ;
P29594   42762   33737   33294   34686   34243   30936   42762   ;
P33737   33294   43206   29594   43206   30936   34686   34243   ;
P43206   29594   52360   33607   51411   34556   43206   30936   ;
P52360   33607   55930   42762   54588   42762   51411   34556   ;
P55930   42762   52046   51603   51097   50654   54588   42762   ;
P52046   51603   43206   55043   43206   53701   51097   50654   ;
P43206   55043   34679   51289   35628   50340   43206   53701   ;
P34679   51289   31369   42762   32711   42762   35628   50340   ;
P31369   42762   34993   34549   35942   35498   32711   42762   ;
P34993   34549   43206   31369   43206   32711   35942   35498   ;
P43206   31369   51105   34863   50156   35812   43206   32711   ;
P51105   34863   54155   42762   52813   42762   50156   35812   ;
P54155   42762   50791   50348   49842   49398   52813   42762   ;
P50791   50348   43206   53268   43206   51925   49842   49398   ;
P43206   53268   35934   50034   36883   49085   43206   51925   ;
P35934   50034   33144   42762   34486   42762   36883   49085   ;
P33144   42762   36248   35804   37197   36753   34486   42762   ;
P36248   35804   43206   33144   43206   34486   37197   36753   ;
P43206   33144   49850   36118   48901   37067   43206   34486   ;
P49850   36118   52380   42762   51038   42762   48901   37067   ;
P52380   42762   49536   49092   48587   48143   51038   42762   ;
P49536   49092   43206   51493   43206   50150   48587   48143   ;
P43206   51493   37189   48779   38138   47829   43206   50150   ;
P37189   48779   34919   42762   36261   42762   38138   47829   ;
DF;
C 1;
E