(CIF file written on Mon Dec 19 10:44:02 2022 by ASITIC);
DS 1 1 1;
9 kai_4;
LMET3;
P61245   42740   55797   55343   54818   54363   59859   42740   ;
P55797   55343   43195   60336   43195   58950   54818   54363   ;
P43195   60336   30914   55021   31893   54042   43195   58950   ;
P30914   55021   26054   42740   27440   42740   31893   54042   ;
P26054   42740   31235   30781   32215   31760   27440   42740   ;
P31235   30781   43195   26054   43195   27440   32215   31760   ;
P43195   26054   54833   31102   53853   32082   43195   27440   ;
P54833   31102   59426   42740   58041   42740   53853   32082   ;
P59426   42740   54512   54057   53532   53077   58041   42740   ;
P54512   54057   43195   58517   43195   57132   53532   53077   ;
P43195   58517   32200   53736   33179   52756   43195   57132   ;
P32200   53736   27873   42740   29258   42740   33179   52756   ;
P27873   42740   32521   32066   33501   33046   29258   42740   ;
P32521   32066   43195   27873   43195   29258   33501   33046   ;
P43195   27873   53547   32388   52568   33368   43195   29258   ;
P53547   32388   57608   42740   56223   42740   52568   33368   ;
P57608   42740   53226   52771   52246   51792   56223   42740   ;
P53226   52771   43195   56699   43195   55313   52246   51792   ;
P43195   56699   33485   52450   34465   51470   43195   55313   ;
P33485   52450   29691   42740   31076   42740   34465   51470   ;
P29691   42740   33807   33352   34787   34332   31076   42740   ;
P33807   33352   43195   29691   43195   31076   34787   34332   ;
P43195   29691   52261   33674   51282   34653   43195   31076   ;
P52261   33674   55790   42740   54404   42740   51282   34653   ;
P55790   42740   51940   51485   50960   50506   54404   42740   ;
P51940   51485   43195   54880   43195   53495   50960   50506   ;
P43195   54880   34771   51164   35751   50184   43195   53495   ;
P34771   51164   31509   42740   32895   42740   35751   50184   ;
P31509   42740   35093   34638   36072   35618   32895   42740   ;
P35093   34638   43195   31509   43195   32895   36072   35618   ;
P43195   31509   50976   34960   49996   35939   43195   32895   ;
P50976   34960   53971   42740   52586   42740   49996   35939   ;
P53971   42740   50654   50200   49675   49220   52586   42740   ;
P50654   50200   43195   53062   43195   51677   49675   49220   ;
P43195   53062   36057   49878   37037   48898   43195   51677   ;
P36057   49878   33328   42740   34713   42740   37037   48898   ;
P33328   42740   36379   35924   37358   36904   34713   42740   ;
P36379   35924   43195   33328   43195   34713   37358   36904   ;
P43195   33328   49690   36245   48710   37225   43195   34713   ;
P49690   36245   52153   42740   50767   42740   48710   37225   ;
P52153   42740   49368   48914   48389   47934   50767   42740   ;
P49368   48914   43195   51244   43195   49858   48389   47934   ;
P43195   51244   37343   48592   38323   47613   43195   49858   ;
P37343   48592   35146   42740   36532   42740   38323   47613   ;
DF;
C 1;
E